36.76664
37.12586
38.83767
38.97104
39.10323
39.33785
39.73481
39.7671
39.90049
40.11444
40.73515
40.82054
40.87569
41.26342
41.38088
41.47951
41.49051
41.50373
41.6847
41.77306
41.78773
41.79374
41.84973
42.09676
42.11418
42.13537
42.22581
42.39984
42.52611
42.52991
42.63282
42.73392
42.85664
42.87458
42.90363
42.96744
42.99469
42.99651
43.21
43.2222
43.43092
43.51048
43.59727
43.67486
43.67637
43.71224
43.76193
43.77194
43.84394
43.86539
43.872
43.9673
43.97657
44.0501
44.10531
44.1248
44.13826
44.14831
44.15692
44.1658
44.18161
44.18555
44.31577
44.31799
44.34201
44.34884
44.45625
44.46485
44.48289
44.59148
44.59285
44.64087
44.65457
44.68996
44.6977
44.74271
44.76652
44.82022
44.85413
44.8825
45.00969
45.08916
45.11229
45.14252
45.18871
45.25944
45.27401
45.31661
45.34922
45.39888
45.40462
45.40833
45.44123
45.45738
45.50489
45.56132
45.61474
45.64315
45.71973
45.76513
45.87112
45.88502
45.88509
45.88825
45.8944
45.93097
46.01661
46.02898
46.07245
46.12647
46.13783
46.13844
46.14326
46.16914
46.20963
46.21075
46.21582
46.241
46.29001
46.31488
46.38316
46.39235
46.56453
46.64408
46.6802
46.71386
46.71836
46.72268
46.73281
46.80431
46.80705
46.91345
46.94949
46.96096
46.9776
47.04191
47.06313
47.11992
47.13847
47.15547
47.22501
47.25182
47.25664
47.26247
47.2858
47.2972
47.33815
47.34065
47.34092
47.39094
47.39728
47.40028
47.52349
47.52918
47.57638
47.61954
47.65504
47.70661
47.73403
47.76543
47.83307
47.86556
47.89121
47.98159
47.98711
47.98801
48.00515
48.02545
48.08207
48.137
48.16776
48.19608
48.20046
48.20316
48.25527
48.29254
48.33733
48.35684
48.40084
48.40207
48.4048
48.41552
48.46638
48.46902
48.48989
48.54018
48.619
48.6257
48.63034
48.63568
48.63876
48.64787
48.67414
48.73851
48.74042
48.75455
48.76331
48.77193
48.78171
48.78953
48.82433
48.83556
48.91254
48.95878
49.00496
49.00688
49.03274
49.04203
49.04459
49.07673
49.131
49.13186
49.14043
49.20484
49.20942
49.2495
49.27327
49.2927
49.31217
49.34731
49.3479
49.3952
49.42231
49.4332
49.46257
49.52555
49.58058
49.58879
49.64335
49.65029
49.70318
49.76785
49.76875
49.77253
49.78502
49.88914
49.89661
49.89822
50.01718
50.01973
50.03369
50.05393
50.0714
50.08237
50.08817
50.10843
50.10856
50.12069
50.16027
50.2188
50.22145
50.25266
50.25792
50.27227
50.31979
50.33094
50.33991
50.37769
50.41052
50.45342
50.50156
50.54311
50.5537
50.55743
50.56823
50.61844
50.66158
50.70342
50.72045
50.72098
50.72631
50.72902
50.75874
50.79855
50.81232
50.83791
50.84879
50.87415
50.90432
50.95432
50.96639
51.04673
51.07213
51.10223
51.12473
51.14605
51.14889
51.15345
51.22722
51.27556
51.32293
51.33836
51.3475
51.3918
51.41007
51.43188
51.46548
51.4863
51.49368
51.49815
51.5333
51.5417
51.54315
51.54853
51.55412
51.58895
51.62658
51.6375
51.69464
51.69805
51.69828
51.72896
51.76481
51.77109
51.79503
51.81294
51.81468
51.89383
51.89729
51.90194
51.946
51.99661
52.01576
52.02584
52.04095
52.04499
52.0587
52.09995
52.10468
52.10724
52.13546
52.16442
52.20057
52.20691
52.21841
52.22743
52.23871
52.24117
52.33599
52.34733
52.34887
52.35371
52.3703
52.505
52.51167
52.53164
52.56528
52.57024
52.57217
52.61223
52.6342
52.69765
52.7081
52.7251
52.76785
52.79372
52.82101
52.83133
52.84046
52.86251
52.86523
52.92667
52.94228
52.98522
53.02111
53.05997
53.07029
53.1722
53.1745
53.17925
53.20098
53.24939
53.2494
53.29069
53.30386
53.34453
53.37351
53.38234
53.40852
53.45609
53.46385
53.51317
53.56754
53.59396
53.59502
53.62985
53.64755
53.65789
53.70103
53.7203
53.73595
53.75784
53.77731
53.78404
53.86775
53.89463
53.89896
53.91097
53.96259
53.98091
54.04314
54.06304
54.06334
54.14254
54.15624
54.15882
54.21915
54.37613
54.39191
54.41647
54.44202
54.50063
54.5392
54.54342
54.5705
54.61081
54.61277
54.68628
54.73077
54.76245
54.84546
54.91698
54.91785
55.00929
55.05036
55.13337
55.16361
55.22351
55.28792
55.31113
55.4078
55.41441
55.50498
55.5159
55.58808
55.77211
55.78312
55.78574
55.79606
55.84216
55.84379
55.86678
55.91309
56.01052
56.09943
56.10303
56.14913
56.28118
56.29054
56.30724
56.35915
56.37658
56.50145
56.72458
56.7318
56.78402
56.79116
56.8356
56.84835
56.9366
56.9558
57.01033
57.03178
57.26213
57.30899
57.38139
57.42775
57.50713
57.65072
57.74211
57.88926
57.9241
57.93643
57.96577
57.99309
58.05577
58.09232
58.20185
58.39191
58.42647
58.47063
58.73166
58.92337
59.04216
59.27657
59.31593
59.35899
59.37594
59.46685
59.63266
60.0207
60.12061
60.24901
60.79658
60.87357
61.07066
61.16227
61.27455
61.71147
62.26397
